-- ustar threshold by season (forward mode 2)

       0.618374       0.406604       0.378693       0.391301
           1780           2347           2042           1805

       0.618374

             10              10        0.360638        0.124211 
        0.35247              10        0.494277        0.501374 
       0.695719        0.338685         0.31654         0.47694 
       0.734603        0.355316        0.378693        0.391301 
       0.618374        0.504015        0.564824        0.337221 
       0.506383              10        0.383862        0.304335 
             10        0.457892        0.278345        0.566518 

-- bootstrapping

       0.585666       0.451383       0.493178       0.475948 forward mode 2
           1770           2345           2038           1819
       0.607416       0.413043       0.370977       0.353986 forward mode 2
           1805           2345           2009           1800
        0.46942       0.428237       0.387188       0.350929 forward mode 2
           1762           2290           1992           1854
       0.540032       0.441283       0.333383       0.495588 forward mode 2
           1736           2295           2115           1855
       0.383802       0.299684       0.385138       0.450509 forward mode 2
           1760           2310           2036           1840
       0.480679       0.420905       0.358061       0.361441 forward mode 2
           1741           2272           2060           1836
       0.544115       0.359492       0.371084       0.427649 forward mode 2
           1764           2338           2087           1817
       0.454373       0.332271       0.395396       0.475627 forward mode 2
           1806           2239           2022           1858
       0.516343       0.407076       0.408476       0.384652 forward mode 2
           1753           2349           2065           1849
       0.499005        0.39074        0.32532         0.3861 forward mode 2
           1809           2325           2028           1789
       0.546949       0.392448       0.403659        0.39752 forward mode 2
           1770           2340           2162           1744
       0.552757       0.428246       0.353871       0.319122 forward mode 2
           1810           2405           1911           1815
       0.493585       0.362995         0.3434       0.432131 forward mode 2
           1829           2284           2077           1851
       0.492874        0.38359       0.390093       0.509954 forward mode 2
           1785           2302           2030           1871
       0.607549       0.390166       0.369545       0.398159 forward mode 2
           1744           2373           2089           1828
       0.586672       0.499505       0.430399        0.51115 forward mode 2
           1759           2372           2155           1823
       0.546949       0.364101       0.384311       0.494218 forward mode 2
           1737           2283           2056           1824
       0.489208       0.389922       0.378442       0.428178 forward mode 2
           1803           2342           2044           1772
       0.555775       0.299815       0.377266       0.551072 forward mode 2
           1822           2299           2077           1836
       0.514393        0.33849         0.3873       0.329178 forward mode 2
           1708           2418           2049           1787
       0.579977       0.524271        0.39279       0.342567 forward mode 2
           1712           2387           2098           1748
       0.495344       0.424569       0.416815       0.345781 forward mode 2
           1694           2306           2046           1878
       0.473599       0.390242       0.333872        0.39146 forward mode 2
           1823           2326           2035           1851
       0.520761        0.45121       0.397666       0.336408 forward mode 2
           1761           2291           2043           1839
       0.600664       0.325968       0.408035       0.400274 forward mode 2
           1748           2337           2033           1712
       0.555801       0.394213       0.408193       0.395537 forward mode 2
           1740           2357           2070           1779
       0.515254       0.349093       0.383779       0.410811 forward mode 2
           1807           2353           2143           1803
         0.4227       0.342497       0.390942       0.352696 forward mode 2
           1744           2317           2076           1776
       0.480507       0.425182       0.417338       0.342369 forward mode 2
           1762           2420           2056           1788
       0.543694       0.422667       0.419823       0.521013 forward mode 2
           1745           2327           2037           1839
       0.574224       0.320222       0.401356       0.350671 forward mode 2
           1736           2428           2044           1768
       0.642527       0.372248       0.399523       0.498965 forward mode 2
           1740           2333           2051           1779
       0.551287       0.376404       0.381503       0.366182 forward mode 2
           1817           2291           2019           1826
       0.572698       0.338299       0.398979       0.363824 forward mode 2
           1760           2381           2040           1883
       0.484575       0.366181       0.364134        0.41932 forward mode 2
           1738           2320           2025           1811
       0.495697       0.427167       0.417222       0.374342 forward mode 2
           1770           2269           2015           1830
       0.596936       0.401511       0.384286       0.384033 forward mode 2
           1727           2359           2088           1803
       0.496411       0.443448       0.496366       0.430455 forward mode 2
           1807           2320           2077           1805
       0.511513       0.332735       0.394785       0.295479 forward mode 2
           1687           2310           2058           1856
       0.539786       0.356412       0.356826       0.357616 forward mode 2
           1653           2282           2055           1861
       0.552234       0.425891       0.328533       0.398478 forward mode 2
           1833           2369           2092           1758
       0.609033       0.422627       0.383578       0.447367 forward mode 2
           1808           2362           2008           1789
       0.577677       0.402023       0.383834       0.364537 forward mode 2
           1753           2295           1995           1856
       0.517212       0.389608       0.375075       0.553755 forward mode 2
           1749           2396           2008           1811
       0.610718       0.386469       0.424715       0.351256 forward mode 2
           1792           2308           2071           1832
       0.513408       0.306634       0.386054       0.384261 forward mode 2
           1741           2383           2103           1803
       0.463779       0.358555       0.416673       0.429678 forward mode 2
           1719           2315           2088           1815
       0.583452       0.335824       0.363866       0.396254 forward mode 2
           1761           2381           2064           1882
       0.608204       0.381666       0.405126       0.397805 forward mode 2
           1844           2280           2074           1785
       0.469621        0.34725        0.40805       0.383127 forward mode 2
           1818           2259           1959           1794
       0.586839       0.343283       0.422847       0.417563 forward mode 2
           1788           2360           2075           1816
       0.483646       0.473266       0.339377       0.447507 forward mode 2
           1764           2430           2023           1804
       0.516983       0.368553       0.482304       0.328709 forward mode 2
           1750           2278           2036           1919
       0.510113       0.323753       0.398227       0.387057 forward mode 2
           1814           2389           2019           1810
       0.514187       0.334795       0.359128       0.320704 forward mode 2
           1828           2263           2065           1831
        0.54829       0.362708       0.319055       0.501567 forward mode 2
           1829           2303           2094           1880
       0.590375       0.300039       0.405266        0.43835 forward mode 2
           1787           2353           2044           1779
       0.627019       0.389009       0.328697       0.344361 forward mode 2
           1747           2371           2082           1710
       0.557142       0.454023       0.335056       0.490222 forward mode 2
           1710           2304           2045           1787
       0.556142       0.439767       0.410971       0.526185 forward mode 2
           1767           2409           1980           1765
       0.555118       0.352829       0.441944       0.361516 forward mode 2
           1780           2397           2013           1814
       0.595662       0.373573        0.39862       0.378945 forward mode 2
           1765           2308           2046           1852
       0.479298       0.328528       0.367318       0.450064 forward mode 2
           1771           2408           2028           1794
       0.561147       0.372264       0.407168       0.363131 forward mode 2
           1763           2368           2149           1765
        0.53792       0.348496       0.321727       0.388073 forward mode 2
           1768           2440           2031           1788
       0.532446       0.314697       0.435908       0.425348 forward mode 2
           1764           2293           1996           1791
       0.459136       0.415727       0.460343       0.493207 forward mode 2
           1741           2303           1978           1797
        0.56255       0.426876       0.412415       0.480632 forward mode 2
           1797           2291           2030           1855
       0.486165        0.31086       0.398486       0.376784 forward mode 2
           1863           2343           1981           1821
       0.512072        0.45002       0.429569       0.360523 forward mode 2
           1743           2313           2001           1840
       0.514635       0.373765       0.386961        0.33616 forward mode 2
           1725           2381           2058           1807
        0.49996       0.374016       0.459059       0.354392 forward mode 2
           1796           2318           2002           1822
       0.600659       0.373289       0.430269       0.346526 forward mode 2
           1789           2372           2027           1836
       0.492704       0.327979       0.421887        0.41198 forward mode 2
           1828           2427           2033           1854
       0.602516       0.363873       0.408613       0.554336 forward mode 2
           1783           2318           2111           1763
       0.480435       0.368391       0.335543        0.50389 forward mode 2
           1789           2396           2037           1730
       0.496661       0.324983       0.371823       0.312945 forward mode 2
           1754           2371           2021           1800
       0.565796       0.384404        0.42942       0.478789 forward mode 2
           1757           2209           2048           1829
       0.509661       0.429395       0.381857       0.326612 forward mode 2
           1730           2417           2055           1826
       0.511995       0.416089       0.403945       0.413591 forward mode 2
           1748           2415           2015           1825
       0.548568        0.46344       0.308053       0.296913 forward mode 2
           1706           2253           2045           1862
       0.547074        0.41006       0.403751       0.405629 forward mode 2
           1751           2430           1976           1812
       0.468815       0.557618       0.411162       0.354946 forward mode 2
           1733           2326           1989           1845
       0.531498       0.382266       0.422543       0.379534 forward mode 2
           1826           2309           1950           1804
       0.548187       0.348001       0.344447       0.320577 forward mode 2
           1776           2376           2044           1811
       0.544997       0.353534        0.45106       0.410066 forward mode 2
           1747           2280           2106           1808
       0.450118       0.426815       0.398973       0.351251 forward mode 2
           1829           2416           2049           1780
       0.525775       0.386805        0.42023       0.460274 forward mode 2
           1728           2326           2089           1734
       0.494114       0.324597       0.404901       0.420041 forward mode 2
           1787           2284           1995           1833
       0.531147       0.379405        0.36907        0.47817 forward mode 2
           1750           2395           2055           1808
       0.594168       0.372164       0.381391       0.307867 forward mode 2
           1793           2324           2006           1827
        0.54453       0.346882       0.397585       0.300669 forward mode 2
           1765           2366           2056           1743
        0.45445       0.319612       0.427106       0.392195 forward mode 2
           1701           2328           2083           1838
       0.476619       0.408069       0.399689       0.383938 forward mode 2
           1762           2393           2017           1819
       0.601966       0.379535       0.371941       0.410281 forward mode 2
           1858           2372           2070           1825
       0.466454       0.332211        0.40241       0.480467 forward mode 2
           1793           2312           2062           1853
         0.4794        0.40375       0.462838        0.47462 forward mode 2
           1816           2347           2057           1832
       0.575598       0.380623         0.4128       0.363627 forward mode 2
           1719           2361           2053           1834
       0.602983       0.363212       0.393471       0.511887 forward mode 2
           1731           2370           2083           1811
       0.596984       0.329737        0.43195        0.46839 forward mode 2
           1796           2296           2102           1772

 forward mode 2
         0.4227
       0.450118
       0.450509
        0.45445
       0.463779
        0.46942
       0.469621
       0.473599
       0.475627
       0.476619
       0.479298
         0.4794
       0.480467
       0.480507
       0.480679
       0.483646
       0.484575
       0.486165
       0.489208
       0.492704
       0.493207
       0.493585
       0.494114
       0.495344
       0.495697
       0.496411
       0.496661
       0.499005
        0.49996
        0.50389
       0.509661
       0.509954
       0.510113
       0.511513
       0.511995
       0.512072
       0.513408
       0.514187
       0.514393
       0.514635
       0.515254
       0.516343
       0.516983
       0.520761
       0.525775
       0.531147
       0.531498
       0.532446
        0.53792
       0.539786
       0.540032
       0.543694
       0.544115
        0.54453
       0.544997
       0.546949
       0.546949
       0.547074
       0.548187
        0.54829
       0.548568
       0.551287
       0.552234
       0.552757
       0.553755
       0.555118
       0.555775
       0.555801
       0.556142
       0.557142
       0.557618
       0.561147
        0.56255
       0.565796
       0.572698
       0.574224
       0.575598
       0.577677
       0.579977
       0.583452
       0.585666
       0.586672
       0.586839
       0.590375
       0.594168
       0.595662
       0.596936
       0.596984
       0.600659
       0.600664
       0.601966
       0.602516
       0.602983
       0.607416
       0.607549
       0.608204
       0.609033
       0.610718
       0.627019
       0.642527

-- percentiles forward mode 2
         0.4227
       0.463779
       0.476619
       0.495697
       0.539786 50%
       0.572698
       0.600664
       0.607549
       0.627019

-- processed on 20180323210829 with ustar_mp v1.0 compiled using GNU C 4.8.4 on Jan 30 2018 at 19:32:17
