-- ustar threshold by season (forward mode 2)

       0.512958         0.4635       0.430376       0.559477
           1781           1950           2057           1749

       0.559477

       0.512958              10              10        0.248276 
       0.374736              10        0.312788              10 
       0.615498        0.407894              10        0.704273 
       0.665351              10        0.443248        0.567851 
             10         0.43038        0.290039        0.367616 
        0.38837        0.496619        0.671511        0.559477 
             10        0.626646        0.430376              10 

-- bootstrapping

       0.745331       0.425192       0.379193       0.481238 forward mode 2
           1770           2029           2034           1784
       0.542595       0.479236       0.357894       0.388429 forward mode 2
           1801           1956           2073           1724
       0.349179       0.436271       0.340024       0.462835 forward mode 2
           1863           1882           1996           1760
       0.608093       0.391896       0.403775       0.458842 forward mode 2
           1742           1961           2045           1851
       0.599705       0.466349       0.436384        0.36358 forward mode 2
           1752           1972           2032           1737
       0.496708       0.360855       0.403162       0.432258 forward mode 2
           1732           1918           2018           1758
        0.52851       0.422165       0.404078       0.421321 forward mode 2
           1779           1988           1961           1746
       0.481393       0.453063       0.417789        0.34105 forward mode 2
           1779           1956           2083           1675
       0.539716         0.4625       0.403953       0.408168 forward mode 2
           1735           2022           2031           1720
       0.515082       0.360616       0.423807       0.487759 forward mode 2
           1812           1981           2080           1712
       0.471846       0.481233       0.377957       0.397136 forward mode 2
           1786           1983           2027           1785
       0.509937       0.400617       0.357071        0.44887 forward mode 2
           1751           1953           2082           1667
       0.489164       0.478937         0.3262       0.432568 forward mode 2
           1749           1942           2162           1674
       0.388947         0.3755       0.358198       0.440386 forward mode 2
           1718           2005           2068           1874
       0.537916       0.418563       0.429544       0.437438 forward mode 2
           1798           1904           2045           1720
       0.517029       0.437593       0.387951       0.320265 forward mode 2
           1724           1976           2134           1754
       0.597368       0.450974       0.458005       0.329643 forward mode 2
           1830           1984           2119           1692
       0.486737       0.539182        0.39626       0.366726 forward mode 2
           1734           1911           2030           1808
       0.617279       0.460939       0.343527       0.475517 forward mode 2
           1841           1903           2099           1751
       0.521913       0.362402       0.429431       0.505127 forward mode 2
           1743           1978           2066           1805
        0.44916       0.383942       0.315216       0.389326 forward mode 2
           1722           1963           2032           1816
       0.473312       0.333927       0.500719       0.439882 forward mode 2
           1790           1909           2009           1720
       0.479597        0.39315       0.440252       0.460617 forward mode 2
           1884           1967           2038           1705
        0.48339       0.393142       0.353563       0.456191 forward mode 2
           1717           2016           2080           1731
       0.478542       0.378767       0.348433       0.468612 forward mode 2
           1823           1946           2030           1726
       0.562915       0.352506       0.402118       0.465408 forward mode 2
           1816           1903           2128           1726
       0.452753       0.373669       0.299204        0.39807 forward mode 2
           1702           1988           2050           1827
       0.510515       0.485185       0.349118       0.336997 forward mode 2
           1785           1952           2047           1763
       0.629712       0.388287       0.429626       0.483002 forward mode 2
           1807           1972           2105           1799
       0.479256       0.607093       0.364574       0.470473 forward mode 2
           1717           1967           2043           1782
       0.591191       0.315085       0.385178       0.460082 forward mode 2
           1800           1961           2032           1783
       0.447405       0.414629       0.405822       0.408959 forward mode 2
           1754           2021           2011           1827
       0.469672        0.39517       0.386196       0.465106 forward mode 2
           1797           1957           2130           1758
       0.568933       0.401114          0.418       0.360871 forward mode 2
           1718           1868           2083           1749
       0.506205       0.438061       0.429397       0.391154 forward mode 2
           1721           1940           2101           1769
       0.638749       0.432853        0.37089       0.461447 forward mode 2
           1741           2005           2060           1782
       0.456181       0.423922       0.324342       0.335938 forward mode 2
           1753           1999           2046           1740
       0.467084       0.369427       0.377321       0.447193 forward mode 2
           1885           1930           2072           1743
       0.393788       0.443358       0.449747       0.469137 forward mode 2
           1773           1908           2026           1761
       0.574865       0.433867       0.354133       0.428393 forward mode 2
           1757           2020           2035           1725
       0.435385       0.404424       0.318947        0.36355 forward mode 2
           1746           1948           2075           1701
       0.507637       0.550423       0.385422       0.473817 forward mode 2
           1868           1971           2049           1688
       0.573141       0.402745       0.408021       0.471594 forward mode 2
           1739           2051           2000           1783
       0.585986       0.377656       0.432332       0.461904 forward mode 2
           1714           1931           2095           1728
        0.55213       0.411532       0.382568       0.422908 forward mode 2
           1845           1916           2097           1712
       0.637128       0.384441       0.411831       0.411972 forward mode 2
           1779           1942           2006           1729
       0.450072        0.39991       0.380005       0.373174 forward mode 2
           1842           1942           2019           1786
       0.506649       0.386893       0.388257       0.437407 forward mode 2
           1820           1938           2083           1722
       0.750772       0.403998         0.3889        0.46144 forward mode 2
           1788           1913           2130           1699
       0.581448       0.396587       0.354636       0.440964 forward mode 2
           1769           2004           2072           1706
       0.536508       0.471182       0.352861       0.389131 forward mode 2
           1788           1962           2076           1678
       0.622409       0.437067       0.406839       0.390388 forward mode 2
           1720           1978           2058           1721
        0.43131       0.399251       0.383295       0.398483 forward mode 2
           1813           1939           2097           1753
       0.589846       0.438177       0.365489       0.428016 forward mode 2
           1779           1920           2099           1798
       0.475837       0.436075        0.42398       0.462757 forward mode 2
           1783           1961           2005           1693
       0.485669       0.374051       0.385362       0.429885 forward mode 2
           1777           1980           2023           1739
       0.609962       0.465356       0.428204       0.537658 forward mode 2
           1734           1903           2066           1812
       0.497802       0.396357       0.367721       0.437114 forward mode 2
           1762           1933           2052           1797
       0.627307       0.479538        0.39485       0.413538 forward mode 2
           1741           1908           2064           1797
       0.460161       0.455405       0.385312       0.421077 forward mode 2
           1802           1972           2070           1728
       0.526752       0.396303         0.4104       0.392298 forward mode 2
           1754           1921           2051           1721
       0.570324       0.396622       0.451628       0.446486 forward mode 2
           1757           1890           2039           1829
       0.613002       0.475426       0.400637        0.46369 forward mode 2
           1848           1980           2015           1686
       0.510386       0.385328       0.373819        0.40928 forward mode 2
           1834           1966           1965           1752
       0.537376       0.394344       0.429023       0.482114 forward mode 2
           1730           1876           2139           1737
       0.607802       0.395208       0.385365       0.390249 forward mode 2
           1813           1978           2005           1715
        0.52634       0.274216       0.464983       0.488963 forward mode 2
           1796           1972           2058           1739
       0.733232       0.376604       0.359252       0.422918 forward mode 2
           1822           1947           1984           1723
       0.613201       0.405383       0.367574       0.438358 forward mode 2
           1799           1921           2041           1840
       0.554659       0.410591        0.45017       0.391308 forward mode 2
           1777           1947           2064           1757
       0.619784       0.386725       0.427629       0.448843 forward mode 2
           1691           1956           2076           1785
       0.495418       0.391712       0.353934       0.372203 forward mode 2
           1863           1938           2089           1737
       0.646954       0.420327       0.413786       0.526046 forward mode 2
           1802           2037           2029           1711
       0.635248       0.414571       0.446229        0.44518 forward mode 2
           1758           1902           2046           1763
       0.375551       0.380674       0.462316       0.431461 forward mode 2
           1813           1958           2030           1680
       0.412425       0.394872       0.317051       0.429265 forward mode 2
           1822           1933           2087           1670
       0.541805       0.444374       0.379449       0.372213 forward mode 2
           1774           1935           2002           1772
       0.599323       0.387402       0.375782       0.409744 forward mode 2
           1778           1945           2192           1748
       0.512725        0.38395       0.457748       0.372857 forward mode 2
           1743           1946           2056           1740
       0.560764       0.268879       0.393866       0.500039 forward mode 2
           1815           1930           2034           1732
       0.565309        0.43386       0.318513        0.51733 forward mode 2
           1814           1932           2117           1715
        0.55868       0.456483       0.248282       0.419969 forward mode 2
           1758           1982           2042           1783
       0.675314        0.44077       0.418745       0.460576 forward mode 2
           1771           1918           2043           1741
       0.586752       0.397898       0.384261       0.346948 forward mode 2
           1881           1948           2043           1714
       0.570653       0.399473       0.418813       0.518412 forward mode 2
           1817           1945           2049           1711
       0.549987       0.432845       0.327803       0.438532 forward mode 2
           1782           1970           2077           1676
       0.499465        0.38834       0.325269       0.422676 forward mode 2
           1787           1986           2001           1734
       0.539659        0.47841       0.365762       0.441229 forward mode 2
           1827           1960           2085           1652
       0.491691       0.373579       0.410731        0.42224 forward mode 2
           1756           1935           2108           1791
       0.641384        0.50433       0.346754       0.406512 forward mode 2
           1758           2007           2085           1723
       0.379521       0.452867        0.42414       0.438748 forward mode 2
           1826           1897           2033           1737
       0.642269       0.389258       0.432605       0.445773 forward mode 2
           1749           1866           2018           1729
       0.600895       0.397008       0.360252        0.46983 forward mode 2
           1727           2005           2123           1753
       0.614002       0.458347        0.41625       0.309046 forward mode 2
           1796           1907           2049           1700
       0.547103       0.404637       0.330058       0.418399 forward mode 2
           1793           1882           2011           1789
       0.594053       0.392986       0.399556       0.447877 forward mode 2
           1787           1928           2091           1750
       0.398815       0.421437       0.411773       0.367421 forward mode 2
           1737           1948           2085           1705
       0.507072       0.374218       0.312764       0.479957 forward mode 2
           1762           1966           2058           1744
       0.614071       0.380091       0.442462       0.449892 forward mode 2
           1781           1940           2128           1770
       0.457915       0.475448       0.421217       0.413536 forward mode 2
           1784           1890           2092           1791

 forward mode 2
       0.421437
       0.429265
        0.43131
       0.435385
       0.440386
       0.447405
        0.44916
       0.450072
       0.452753
       0.452867
       0.456181
       0.460161
       0.462316
       0.462835
       0.467084
       0.469137
       0.469672
       0.475448
       0.475837
       0.478542
       0.479597
       0.481233
       0.481393
        0.48339
       0.485669
       0.489164
       0.491691
       0.495418
       0.496708
       0.497802
       0.499465
       0.500719
       0.506205
       0.506649
       0.507072
       0.509937
       0.510386
       0.510515
       0.512725
       0.515082
       0.517029
       0.521913
        0.52634
       0.526752
        0.52851
       0.536508
       0.537376
       0.537916
       0.539182
       0.539659
       0.539716
       0.541805
       0.542595
       0.547103
       0.549987
       0.550423
        0.55213
       0.554659
        0.55868
       0.560764
       0.562915
       0.565309
       0.568933
       0.570324
       0.570653
       0.573141
       0.574865
       0.581448
       0.585986
       0.586752
       0.589846
       0.591191
       0.594053
       0.597368
       0.599323
       0.599705
       0.600895
       0.607093
       0.607802
       0.608093
       0.609962
       0.613002
       0.613201
       0.614002
       0.614071
       0.617279
       0.619784
       0.622409
       0.627307
       0.629712
       0.635248
       0.637128
       0.638749
       0.641384
       0.642269
       0.646954
       0.675314
       0.733232
       0.745331
       0.750772

-- percentiles forward mode 2
       0.421437
       0.440386
       0.452867
       0.485669
       0.539659 50%
       0.599323
       0.629712
       0.642269
       0.745331

-- processed on 20180323210830 with ustar_mp v1.0 compiled using GNU C 4.8.4 on Jan 30 2018 at 19:32:17
