-- ustar threshold by season (forward mode 2)

       0.583342       0.387918       0.287888       0.345162
           1790           1849           1142           1791

       0.583342

             10        0.132105              10              10 
             10              10              10        0.320148 
             10        0.358504              10         0.39872 
       0.608605              10              10        0.211144 
             10        0.387918        0.428076        0.345162 
       0.583342        0.481044          0.1477              10 
       0.457445        0.483048              10        0.757979 

-- bootstrapping

       0.564392       0.571796       0.639342       0.489545 forward mode 2
           1794           1865           1074           1872
       0.545256       0.357475       0.278697       0.540029 forward mode 2
           1791           1836           1133           1803
        0.54818       0.408704       0.515873       0.444499 forward mode 2
           1791           1946           1205           1778
       0.598062       0.360587       0.148226       0.444036 forward mode 2
           1719           1889           1124           1716
       0.543235       0.439121       0.174414        0.50504 forward mode 2
           1764           1855           1111           1814
       0.582323       0.408207       0.312178       0.473588 forward mode 2
           1773           1784           1117           1823
       0.544736       0.351969       0.324667       0.634757 forward mode 2
           1739           1805           1185           1849
       0.713547       0.355995       0.381605       0.544714 forward mode 2
           1701           1815           1129           1770
       0.643296       0.407293       0.450957       0.374194 forward mode 2
           1822           1856           1080           1820
       0.559021       0.424201       0.215086       0.443023 forward mode 2
           1754           1858           1156           1790
       0.557019       0.358707       0.378268       0.459832 forward mode 2
           1886           1894           1153           1771
        0.48367       0.404044       0.307886       0.324664 forward mode 2
           1787           1815           1172           1825
       0.533319       0.556078        0.25028       0.607151 forward mode 2
           1794           1918           1138           1756
       0.708062       0.466217       0.398386       0.503354 forward mode 2
           1819           1863           1194           1763
       0.583219       0.408948       0.325341       0.509417 forward mode 2
           1786           1837           1141           1729
       0.554971        0.48879       0.329307        0.43632 forward mode 2
           1794           1828           1089           1771
       0.552064       0.476812       0.250983       0.382431 forward mode 2
           1794           1945           1115           1769
       0.584353       0.483277       0.410646       0.405567 forward mode 2
           1768           1836           1147           1792
       0.837244       0.464585       0.373826        0.78811 forward mode 2
           1686           1821           1160           1850
       0.551192       0.386137       0.496368       0.592508 forward mode 2
           1752           1895           1157           1688
       0.491854       0.448696       0.246734       0.352333 forward mode 2
           1762           1828           1164           1799
       0.551954       0.379845       0.365367       0.325239 forward mode 2
           1852           1927           1190           1794
       0.537031       0.409723       0.316204       0.463595 forward mode 2
           1786           1874           1132           1760
       0.505011       0.409909       0.367041       0.440528 forward mode 2
           1786           1813           1136           1833
       0.713899       0.454313       0.263734       0.462861 forward mode 2
           1846           1846           1174           1783
       0.595963       0.378076       0.372551       0.360986 forward mode 2
           1866           1787           1157           1793
       0.628912       0.381218       0.318777       0.463007 forward mode 2
           1823           1860           1124           1845
       0.699749        0.44046       0.406774       0.514095 forward mode 2
           1824           1807           1132           1741
       0.586752       0.376105       0.366356        0.52597 forward mode 2
           1768           1836           1144           1786
       0.544095       0.430579       0.268128        0.48668 forward mode 2
           1770           1863           1124           1860
       0.575157       0.300045       0.329349       0.423652 forward mode 2
           1797           1917           1157           1801
       0.581469       0.365571       0.317388       0.312068 forward mode 2
           1869           1835           1143           1726
       0.538362       0.427015       0.239662       0.447648 forward mode 2
           1807           1829           1098           1819
        0.66913       0.489341       0.341878       0.397554 forward mode 2
           1768           1827           1080           1824
       0.665915       0.417191       0.225343       0.553915 forward mode 2
           1759           1833           1145           1705
       0.474986       0.482049       0.361466        0.40116 forward mode 2
           1746           1843           1159           1741
       0.675638        0.49792      0.0727859       0.506742 forward mode 2
           1778           1910           1096           1810
       0.553558       0.406465       0.520658       0.448982 forward mode 2
           1781           1930           1181           1810
       0.633609       0.287907       0.318104       0.550275 forward mode 2
           1811           1778           1175           1826
       0.565993       0.467431        0.37342        0.32287 forward mode 2
           1816           1878           1065           1820
       0.579302       0.493676       0.245293       0.529174 forward mode 2
           1752           1888           1155           1768
       0.561196       0.378037        0.31155       0.519374 forward mode 2
           1791           1842           1166           1750
       0.604048       0.360944       0.363523       0.591185 forward mode 2
           1857           1868           1135           1789
       0.538757       0.435334       0.332097       0.449963 forward mode 2
           1813           1832           1140           1805
       0.510392       0.514368       0.305183       0.372668 forward mode 2
           1838           1840           1064           1824
       0.554015       0.334695       0.294174       0.368825 forward mode 2
           1740           1817           1166           1723
       0.731137       0.352866       0.309034       0.362106 forward mode 2
           1746           1864           1142           1832
        0.49545       0.404022      0.0455795       0.445086 forward mode 2
           1770           1845           1159           1803
       0.563474       0.396844       0.235145       0.338446 forward mode 2
           1708           1883           1110           1768
       0.450399        0.54447       0.321184       0.421803 forward mode 2
           1788           1813           1101           1773
       0.413319       0.365382        0.19771       0.470718 forward mode 2
           1809           1839           1184           1793
       0.653462       0.350966       0.147555       0.558357 forward mode 2
           1840           1828           1143           1757
       0.517571       0.372257       0.304207       0.578246 forward mode 2
           1790           1796           1187           1717
       0.565098       0.322239       0.371336       0.392146 forward mode 2
           1772           1778           1154           1804
       0.608329       0.505473       0.309813       0.482527 forward mode 2
           1772           1889           1067           1744
       0.809381       0.508969       0.319617       0.478333 forward mode 2
           1833           1849           1071           1750
       0.557509       0.498996       0.265434       0.446531 forward mode 2
           1758           1903           1157           1816
       0.614438       0.380007       0.640411       0.358135 forward mode 2
           1859           1848           1151           1796
       0.553939       0.465823       0.277115       0.519706 forward mode 2
           1799           1896           1124           1740
       0.603767       0.385291       0.328036       0.427335 forward mode 2
           1793           1843           1157           1792
       0.668423       0.407632        0.14909       0.378864 forward mode 2
           1792           1921           1137           1802
       0.572273       0.385959       0.306925       0.385306 forward mode 2
           1784           1815           1198           1726
       0.512758       0.414969       0.586909       0.394301 forward mode 2
           1807           1793           1110           1799
       0.580626       0.473523       0.402007        0.49309 forward mode 2
           1769           1851           1188           1797
       0.600699        0.37002       0.338594       0.376034 forward mode 2
           1747           1782           1202           1819
          -9999       0.390245       0.530335       0.491253 forward mode 2
           1750           1829           1142           1751
       0.468592       0.464135       0.341745       0.430298 forward mode 2
           1798           1854           1119           1823
       0.606818        0.44096        0.33439       0.464275 forward mode 2
           1785           1905           1129           1742
       0.473594       0.395694       0.278715       0.521138 forward mode 2
           1792           1915           1140           1777
       0.555822       0.421005       0.304089       0.398557 forward mode 2
           1798           1774           1141           1789
       0.548366       0.381342       0.313584       0.501495 forward mode 2
           1832           1859           1157           1798
        0.51453        0.48865       0.144308       0.747601 forward mode 2
           1798           1803           1102           1753
       0.551176       0.448528       0.592297       0.419669 forward mode 2
           1811           1815           1156           1735
       0.696613       0.590857       0.127326       0.510781 forward mode 2
           1836           1828           1224           1784
       0.620306       0.360266       0.308349        0.40756 forward mode 2
           1782           1778           1173           1799
       0.645686        0.41349        0.42634       0.495144 forward mode 2
           1708           1889           1139           1754
       0.572434       0.462487       0.389784       0.323804 forward mode 2
           1796           1795           1121           1788
       0.559771       0.419581       0.144197       0.510766 forward mode 2
           1760           1811           1198           1754
       0.203514       0.466967       0.344413       0.528176 forward mode 2
           1830           1887           1210           1747
       0.570045       0.448516       0.268894       0.430148 forward mode 2
           1780           1878           1040           1846
        0.62651       0.421541        0.43427       0.549733 forward mode 2
           1842           1698           1127           1824
       0.516933       0.362203       0.360314       0.361457 forward mode 2
           1806           1913           1100           1837
         0.5846       0.378104       0.275132       0.410126 forward mode 2
           1737           1858           1127           1782
       0.496737       0.428589       0.302202        0.53438 forward mode 2
           1774           1899           1161           1823
       0.551046       0.411892       0.164602       0.377584 forward mode 2
           1770           1895           1119           1781
       0.557554       0.340334       0.238581        0.40006 forward mode 2
           1846           1881           1130           1870
       0.569551       0.521116       0.352985       0.405987 forward mode 2
           1810           1882           1130           1820
       0.526454       0.349965        0.31628       0.493876 forward mode 2
           1801           1826           1163           1742
       0.626516       0.508983       0.335984       0.428162 forward mode 2
           1805           1814           1120           1735
       0.618695       0.418078       0.339653       0.464422 forward mode 2
           1841           1832           1161           1779
       0.701923       0.512898        0.14674       0.359508 forward mode 2
           1803           1824           1101           1765
       0.582239       0.446921        0.18659        0.31909 forward mode 2
           1811           1867           1170           1802
       0.592509       0.501713       0.258637       0.341635 forward mode 2
           1780           1876           1089           1773
       0.534947       0.490821       0.368341       0.437419 forward mode 2
           1802           1786           1157           1780
       0.513667       0.460533       0.417892        0.37592 forward mode 2
           1788           1820           1148           1766
       0.585819       0.437433       0.511971       0.467983 forward mode 2
           1812           1826           1129           1768
       0.549594       0.520476       0.280329       0.513621 forward mode 2
           1736           1887           1185           1775
       0.499062       0.468233       0.299684       0.407891 forward mode 2
           1774           1854           1133           1807
       0.491212       0.500734       0.268747       0.370513 forward mode 2
           1854           1846           1149           1796
       0.539553       0.481567       0.341425        0.43518 forward mode 2
           1842           1818           1192           1734

 forward mode 2
       0.468592
       0.470718
       0.482049
        0.48367
       0.491854
        0.49545
       0.499062
       0.500734
       0.505011
       0.513667
       0.514368
       0.516933
       0.521138
       0.526454
       0.528176
       0.530335
        0.53438
       0.534947
       0.537031
       0.538362
       0.538757
       0.539553
       0.543235
       0.544095
        0.54447
       0.545256
        0.54818
       0.548366
       0.549594
       0.551046
       0.551954
       0.552064
       0.553558
       0.553939
       0.554015
       0.554971
       0.555822
       0.557019
       0.557509
       0.557554
       0.559021
       0.559771
       0.561196
       0.563474
       0.565098
       0.565993
       0.569551
       0.570045
       0.572273
       0.572434
       0.575157
       0.578246
       0.579302
       0.580626
       0.581469
       0.582239
       0.582323
       0.583219
       0.584353
         0.5846
       0.585819
       0.586752
       0.586909
       0.592297
       0.592508
       0.592509
       0.595963
       0.598062
       0.600699
       0.603767
       0.604048
       0.606818
       0.607151
       0.608329
       0.618695
       0.620306
        0.62651
       0.626516
       0.628912
       0.633609
       0.634757
       0.639342
       0.640411
       0.643296
       0.645686
       0.653462
       0.665915
       0.668423
        0.66913
       0.675638
       0.696613
       0.699749
       0.701923
       0.708062
       0.713547
       0.713899
       0.731137
       0.747601
       0.809381
       0.837244

-- percentiles forward mode 2
       0.468592
       0.491854
       0.513667
        0.54447
       0.572434 50%
       0.618695
       0.675638
       0.713547
       0.809381

-- processed on 20180323210831 with ustar_mp v1.0 compiled using GNU C 4.8.4 on Jan 30 2018 at 19:32:17
