-- ustar threshold by season (forward mode 2)

       0.453593       0.489244        0.42752       0.433292
           1814           2277           1915           1770

       0.489244

       0.349337              10        0.390294              10 
       0.526432              10        0.335618        0.433292 
       0.455422        0.436361        0.261036              10 
       0.453593              10              10        0.421481 
        0.43594        0.542127        0.479721        0.545437 
             10              10        0.464747        0.344903 
             10              10        0.612895        0.541201 

-- bootstrapping

       0.389797       0.374794       0.429439        0.42484 forward mode 2
           1805           2322           1943           1831
       0.580106       0.374632       0.320848       0.474586 forward mode 2
           1810           2271           1936           1769
        0.52872       0.270889       0.307635       0.436535 forward mode 2
           1863           2246           1891           1763
       0.611736       0.291132       0.436424       0.506184 forward mode 2
           1769           2278           1886           1866
       0.439625       0.490538       0.353295       0.503001 forward mode 2
           1750           2260           1916           1787
       0.358231        0.31088       0.567427       0.442056 forward mode 2
           1787           2316           1903           1786
       0.564486       0.424332       0.338098        0.32165 forward mode 2
           1774           2337           1852           1772
       0.514776       0.496272       0.459772        0.42517 forward mode 2
           1788           2298           1951           1701
       0.429862       0.485058       0.358391       0.416116 forward mode 2
           1777           2367           1930           1786
       0.440928       0.462391       0.423876       0.467341 forward mode 2
           1858           2303           1931           1739
       0.477395       0.414405       0.437343       0.498465 forward mode 2
           1801           2295           1884           1829
       0.455496       0.443775       0.392895       0.571177 forward mode 2
           1780           2281           1954           1681
       0.496792       0.532504        0.46085       0.452614 forward mode 2
           1774           2300           1965           1701
       0.481334       0.447944       0.338004       0.432689 forward mode 2
           1762           2334           1946           1886
        0.42548       0.589302       0.420396        0.46397 forward mode 2
           1827           2238           1932           1736
        0.46884       0.298106       0.376428       0.405899 forward mode 2
           1753           2301           1997           1761
       0.461438       0.309985       0.387331       0.507364 forward mode 2
           1904           2295           1990           1695
       0.493146       0.432428       0.415377       0.422609 forward mode 2
           1750           2225           1875           1831
       0.462357       0.273937       0.418359       0.488059 forward mode 2
           1888           2245           2021           1746
       0.481517       0.395914       0.448363       0.444848 forward mode 2
           1786           2270           1941           1799
       0.501789       0.436323        0.41942       0.422241 forward mode 2
           1798           2337           1865           1843
       0.532827       0.482333       0.543655       0.421148 forward mode 2
           1833           2212           1910           1769
       0.503471       0.466322       0.298919       0.364962 forward mode 2
           1932           2278           1897           1718
       0.481295       0.376544       0.337053       0.477515 forward mode 2
           1749           2356           1927           1756
       0.464116       0.541216        0.35832       0.330441 forward mode 2
           1847           2268           1911           1744
       0.470166       0.434243       0.482481       0.398236 forward mode 2
           1876           2199           1969           1757
       0.431177       0.407581       0.447476       0.492935 forward mode 2
           1755           2361           1925           1850
       0.424395        0.41828       0.350265        0.38237 forward mode 2
           1826           2304           1914           1782
       0.407529       0.290766       0.450579       0.372291 forward mode 2
           1805           2300           1966           1818
       0.570215       0.315853       0.566283       0.415805 forward mode 2
           1784           2296           1895           1804
       0.552708       0.429816        0.54083        0.43061 forward mode 2
           1837           2303           1881           1825
        0.48857       0.426533       0.480501       0.430831 forward mode 2
           1778           2278           1873           1858
       0.457818       0.336556       0.346184       0.427766 forward mode 2
           1833           2317           1959           1768
       0.423368       0.398102       0.468385       0.433907 forward mode 2
           1760           2193           1917           1774
       0.483641        0.47672       0.389952       0.530408 forward mode 2
           1741           2310           1974           1791
       0.431224       0.432255       0.408272       0.522013 forward mode 2
           1753           2356           1943           1790
       0.466187       0.432835       0.555048       0.396578 forward mode 2
           1754           2301           1900           1786
       0.424195       0.462813       0.541324       0.414731 forward mode 2
           1941           2226           1895           1747
       0.441247       0.425846       0.482682        0.54352 forward mode 2
           1814           2255           1883           1765
       0.468195       0.323367       0.523127       0.446686 forward mode 2
           1778           2320           1879           1740
       0.652201       0.437336       0.415927       0.421949 forward mode 2
           1787           2301           1908           1723
       0.470903       0.449318       0.524678       0.444077 forward mode 2
           1910           2263           1889           1699
       0.466612        0.59842       0.539884       0.403251 forward mode 2
           1770           2366           1853           1785
       0.464778       0.419114       0.475448        0.39027 forward mode 2
           1764           2203           1938           1762
       0.446475       0.436136       0.352279       0.453384 forward mode 2
           1872           2266           1982           1739
       0.471071       0.433861       0.493556       0.501363 forward mode 2
           1823           2253           1904           1768
       0.440308       0.382303       0.425772       0.346366 forward mode 2
           1863           2296           1887           1811
       0.455059        0.41902       0.433848       0.511166 forward mode 2
           1857           2307           1905           1769
       0.422292       0.334595       0.533428       0.332847 forward mode 2
           1835           2230           1988           1730
       0.459299       0.487102       0.287202       0.509185 forward mode 2
           1801           2330           1949           1704
       0.524758       0.441877       0.526119       0.383779 forward mode 2
           1826           2278           1932           1706
       0.523959       0.358903       0.495734       0.447414 forward mode 2
           1736           2272           1934           1724
       0.570476       0.488628       0.404186       0.430369 forward mode 2
           1833           2291           1883           1777
       0.467822        0.39779       0.398982       0.425668 forward mode 2
           1818           2255           1981           1804
       0.481889       0.348219       0.411188       0.410337 forward mode 2
           1823           2290           1854           1708
        0.45223       0.443287       0.519518       0.504536 forward mode 2
           1789           2320           1906           1775
       0.526711       0.356266       0.378265       0.404515 forward mode 2
           1779           2167           1885           1855
       0.455221          -9999       0.460403       0.461566 forward mode 2
           1762           2263           1918           1824
       0.495946       0.406951       0.472229       0.462299 forward mode 2
           1774           2270           1938           1816
       0.514434       0.337918       0.374909        0.46493 forward mode 2
           1776           2269           1919           1763
       0.440704       0.437214       0.390042        0.48112 forward mode 2
           1814           2210           1855           1738
       0.502398       0.542524       0.422621        0.47584 forward mode 2
           1802           2222           1882           1836
       0.440053       0.379694        0.45312       0.445671 forward mode 2
           1886           2306           1841           1730
       0.470593       0.417618       0.435297       0.527401 forward mode 2
           1871           2320           1836           1772
       0.402321       0.382499       0.359345         0.5446 forward mode 2
           1747           2240           2022           1741
       0.466687       0.591405       0.467098       0.468903 forward mode 2
           1816           2300           1838           1711
       0.523481       0.433905       0.542368       0.520427 forward mode 2
           1821           2313           1941           1769
       0.415922       0.420746       0.334182       0.349119 forward mode 2
           1832           2256           1873           1738
       0.526501       0.451288       0.499114        0.47154 forward mode 2
           1840           2274           1848           1885
       0.529068       0.440097       0.573377        0.48575 forward mode 2
           1800           2271           1913           1764
       0.587178       0.589485       0.481251       0.484292 forward mode 2
           1759           2260           1915           1801
       0.535966       0.437979       0.519333       0.484356 forward mode 2
           1873           2223           1923           1757
       0.528097       0.489863       0.264284        0.44149 forward mode 2
           1818           2361           1895           1707
        0.57485       0.255767       0.472173       0.490745 forward mode 2
           1820           2191           1913           1776
       0.485217       0.233835       0.336631       0.385777 forward mode 2
           1814           2318           1886           1732
        0.48157       0.220508       0.425968       0.419357 forward mode 2
           1835           2247           1962           1697
       0.446247        0.45978       0.308588       0.460818 forward mode 2
           1823           2282           1886           1796
       0.399775       0.443579        0.44979       0.516483 forward mode 2
           1800           2255           2046           1787
       0.362768       0.592898       0.417176       0.550936 forward mode 2
           1790           2268           1903           1756
       0.646224       0.404649         0.3872       0.557862 forward mode 2
           1838           2277           1895           1757
       0.489467       0.357357       0.463356       0.470106 forward mode 2
           1834           2292           2006           1720
       0.419578       0.410439       0.484833       0.498534 forward mode 2
           1802           2319           1883           1773
       0.599112       0.537891       0.341642       0.556958 forward mode 2
           1820           2285           1863           1773
       0.478486       0.490299       0.338144       0.469342 forward mode 2
           1916           2283           1907           1730
       0.453414        0.40976       0.361582       0.579912 forward mode 2
           1842           2287           1878           1713
       0.433457       0.417324       0.454497        0.47519 forward mode 2
           1819           2306           1932           1749
       0.475435       0.444334       0.405366       0.554007 forward mode 2
           1802           2293           1889           1758
       0.424621       0.567326       0.457816         0.4933 forward mode 2
           1860           2284           1914           1678
       0.462916       0.351674       0.385211       0.441211 forward mode 2
           1804           2222           1934           1834
       0.450714       0.487535       0.333429       0.488986 forward mode 2
           1778           2350           1883           1726
       0.707765       0.345735       0.346702         0.4153 forward mode 2
           1863           2271           1922           1777
       0.521691       0.491119        0.31188       0.549984 forward mode 2
           1784           2233           1889           1769
       0.461469       0.390186       0.539478        0.46464 forward mode 2
           1775           2273           1957           1743
       0.454098       0.492509        0.29266       0.432283 forward mode 2
           1819           2237           1915           1749
       0.516194        0.31402       0.395678       0.507469 forward mode 2
           1867           2244           1876           1800
       0.493746       0.527252       0.517346       0.585191 forward mode 2
           1846           2278           1908           1745
       0.501755       0.222582       0.346683       0.443161 forward mode 2
           1782           2263           1902           1695
       0.483971       0.543347       0.338504        0.46508 forward mode 2
           1800           2306           1960           1785
       0.443109       0.481014       0.383163       0.414847 forward mode 2
           1767           2283           1999           1778
       0.446059       0.446749       0.492691       0.428447 forward mode 2
           1831           2209           1919           1829

 forward mode 2
       0.420746
       0.424395
       0.429439
       0.440308
       0.450579
        0.45312
       0.453384
       0.457818
       0.460818
       0.461566
       0.462916
       0.467341
       0.467822
       0.468385
        0.46884
        0.47519
       0.475448
       0.481014
        0.48112
       0.481295
       0.481334
       0.481517
        0.48157
       0.481889
       0.482481
       0.485058
       0.485217
       0.488059
        0.48857
       0.488986
       0.489467
       0.490299
       0.492509
       0.492691
       0.492935
       0.493146
       0.495946
       0.498465
       0.498534
       0.501363
       0.501755
       0.501789
       0.503001
       0.503471
       0.507364
       0.509185
       0.511166
       0.514434
       0.514776
       0.516194
       0.516483
       0.519518
       0.522013
       0.523127
       0.523959
       0.524678
       0.526119
       0.526501
       0.526711
       0.527401
       0.528097
        0.52872
       0.530408
       0.532504
       0.533428
       0.535966
       0.539478
       0.541216
       0.541324
       0.542368
       0.542524
       0.543347
        0.54352
       0.543655
         0.5446
       0.549984
       0.552708
       0.554007
       0.555048
       0.564486
       0.567326
       0.567427
       0.570215
       0.570476
       0.571177
       0.573377
        0.57485
       0.579912
       0.580106
       0.585191
       0.589302
       0.589485
       0.591405
       0.592898
        0.59842
       0.599112
       0.611736
       0.646224
       0.652201
       0.707765

-- percentiles forward mode 2
       0.420746
       0.450579
       0.461566
       0.482481
       0.516194 50%
         0.5446
       0.585191
        0.59842
       0.652201

-- processed on 20180323210830 with ustar_mp v1.0 compiled using GNU C 4.8.4 on Jan 30 2018 at 19:32:17
